ST1: 0,0;23.02,9.5;23.06,9.22;23.09,8.97;23.11,8.73;23.13,8.51;23.14,8.28;23.14,8.06;23.14,8.03;23.15,7.84;23.15,7.62;23.15,7.4;23.15,7.18;23.15,6.96;23.14,6.75;23.13,6.55;23.12,6.34;23.11,6.15;23.09,5.95;23.07,5.76;23.05,5.56;23.04,5.52;23.03,5.36;23.02,5.14;23,4.92;22.99,4.76;
ST2: 0,0;21.68,9.45;21.73,9.15;21.73,9.1;21.76,8.88;21.79,8.62;21.8,8.38;21.82,8.14;21.82,7.91;21.83,7.68;21.84,7.46;21.84,7.23;21.84,7.01;21.84,6.79;21.84,6.58;21.83,6.37;21.83,6.17;21.82,5.96;21.81,5.77;21.8,5.57;21.78,5.37;21.76,5.17;21.74,4.97;21.72,4.76;21.69,4.54;21.69,4.5;21.67,4.31;21.63,4.06;21.6,3.8;21.56,3.51;21.52,3.22;21.48,2.98;21.48,2.92;21.5,2.8;
ST3: 0,0;20.37,9.39;20.42,9.07;20.45,8.77;20.48,8.5;20.5,8.25;20.51,8;20.53,7.76;20.54,7.53;20.54,7.3;20.55,7.07;20.56,6.84;20.56,6.62;20.57,6.4;20.57,6.19;20.57,5.98;20.57,5.78;20.56,5.57;20.56,5.37;20.55,5.17;20.54,4.97;20.53,4.76;20.52,4.55;20.5,4.33;20.48,4.09;20.46,3.85;20.44,3.58;20.41,3.29;20.4,3.14;20.38,2.99;20.35,2.69;20.33,2.38;20.3,2.1;20.29,1.92;20.29,1.88;20.3,1.78;20.3,1.78;
ST4: 0,0;19.08,9.32;19.13,8.98;19.17,8.67;19.19,8.38;19.21,8.11;19.23,7.86;19.24,7.61;19.26,7.37;19.27,7.13;19.29,6.9;19.3,6.67;19.31,6.45;19.32,6.23;19.33,6.01;19.33,5.8;19.34,5.59;19.34,5.39;19.34,5.18;19.34,4.98;19.34,4.77;19.34,4.56;19.33,4.34;19.33,4.12;19.32,3.88;19.31,3.62;19.31,3.35;19.29,3.06;19.28,2.76;19.27,2.44;19.27,2.13;19.27,1.83;19.28,1.57;19.28,1.54;19.3,1.38;
ST5: 0,0;17.82,9.23;17.87,8.87;17.9,8.55;17.93,8.25;17.95,7.98;17.97,7.71;17.98,7.46;18,7.22;18.02,6.97;18.04,6.74;18.05,6.51;18.07,6.28;18.08,6.06;18.1,5.84;18.11,5.62;18.12,5.41;18.13,5.2;18.14,5;18.14,4.79;18.15,4.58;18.15,4.36;18.16,4.14;18.16,3.91;18.17,3.66;18.18,3.41;18.18,3.13;18.19,2.84;18.2,2.53;18.21,2.21;18.23,1.89;18.25,1.59;18.29,1.32;18.34,1.12;
ST6: 0,0;16.59,9.13;16.63,8.76;16.66,8.43;16.68,8.12;16.7,7.84;16.72,7.57;16.74,7.31;16.76,7.06;16.79,6.81;16.81,6.57;16.83,6.34;16.85,6.11;16.87,5.89;16.88,5.67;16.9,5.45;16.92,5.24;16.93,5.02;16.94,4.81;16.96,4.6;16.97,4.38;16.98,4.16;17,3.94;17.01,3.7;17.03,3.45;17.05,3.19;17.07,2.91;17.09,2.61;17.12,2.3;17.16,1.97;17.2,1.65;17.25,1.35;17.32,1.08;17.4,0.87;
ST7: 0,0;15.39,9.02;15.42,8.64;15.45,8.29;15.47,7.98;15.49,7.69;15.51,7.41;15.53,7.15;15.55,6.9;15.57,6.65;15.6,6.41;15.62,6.17;15.64,5.94;15.67,5.72;15.69,5.49;15.71,5.28;15.73,5.06;15.75,4.85;15.76,4.63;15.78,4.41;15.8,4.2;15.82,3.97;15.85,3.74;15.87,3.5;15.9,3.25;15.93,2.98;15.97,2.69;16.01,2.39;16.06,2.07;16.11,1.74;16.18,1.42;16.26,1.11;16.35,0.83;16.46,0.62;
ST8: 0,0;14.22,8.88;14.25,8.5;14.28,8.15;14.29,7.83;14.31,7.53;14.33,7.26;14.35,6.99;14.37,6.73;14.39,6.48;14.42,6.24;14.44,6;14.47,5.77;14.49,5.54;14.52,5.32;14.54,5.1;14.56,4.88;14.59,4.67;14.61,4.45;14.63,4.23;14.66,4.01;14.69,3.78;14.72,3.55;14.76,3.3;14.8,3.04;14.84,2.77;14.89,2.48;14.95,2.17;15.01,1.85;15.09,1.51;15.17,1.18;15.27,0.87;15.39,0.59;15.52,0.37;
ST9: 0,0;13.08,8.74;13.11,8.35;13.13,8;13.14,7.67;13.16,7.37;13.17,7.09;13.19,6.82;13.21,6.56;13.23,6.31;13.26,6.07;13.28,5.83;13.31,5.6;13.33,5.37;13.36,5.15;13.39,4.93;13.41,4.71;13.44,4.49;13.47,4.27;13.5,4.05;13.53,3.82;13.57,3.59;13.61,3.35;13.65,3.1;13.7,2.84;13.76,2.56;13.82,2.27;13.89,1.96;13.98,1.63;14.07,1.29;14.17,0.95;14.29,0.63;14.43,0.35;14.59,0.12;
ST10: 0,0;11.98,8.57;12,8.19;12.01,7.83;12.02,7.51;12.03,7.21;12.05,6.92;12.06,6.65;12.08,6.39;12.1,6.14;12.12,5.9;12.14,5.66;12.17,5.42;12.2,5.2;12.23,4.97;12.25,4.75;12.28,4.53;12.31,4.31;12.35,4.09;12.38,3.87;12.42,3.64;12.46,3.4;12.51,3.16;12.56,2.91;12.62,2.64;12.69,2.36;12.77,2.06;12.85,1.74;12.95,1.41;13.06,1.06;13.18,0.72;13.33,0.4;13.48,0.11;13.66,-0.12;
ST11: 0,0;10.9,8.4;10.92,8.01;10.93,7.66;10.93,7.34;10.94,7.03;10.94,6.75;10.95,6.47;10.97,6.21;10.99,5.96;11.01,5.72;11.03,5.48;11.06,5.25;11.08,5.02;11.11,4.8;11.14,4.57;11.17,4.35;11.21,4.13;11.24,3.91;11.28,3.68;11.33,3.45;11.37,3.22;11.43,2.97;11.49,2.71;11.56,2.44;11.64,2.15;11.73,1.85;11.83,1.53;11.94,1.19;12.06,0.84;12.2,0.49;12.36,0.16;12.54,-0.13;12.74,-0.37;
ST12: 0,0;11.82,-0.61;11.6,-0.37;11.41,-0.07;11.23,0.26;11.07,0.62;10.93,0.97;10.81,1.31;10.69,1.64;10.59,1.95;10.51,2.24;10.43,2.52;10.36,2.78;10.3,3.03;10.24,3.27;10.21,3.41;10.19,3.5;10.15,3.73;10.11,3.95;10.07,4.18;10.04,4.4;10.01,4.62;9.98,4.84;9.95,5.07;9.93,5.3;9.91,5.54;9.89,5.78;9.87,6.03;9.86,6.3;9.86,6.57;9.86,6.85;9.86,7.16;9.86,7.48;9.86,7.83;9.85,8.21;
ST13: 0,0;8.82,8.02;8.82,7.64;8.82,7.29;8.81,6.97;8.8,6.67;8.8,6.38;8.8,6.11;8.8,5.85;8.81,5.6;8.83,5.35;8.85,5.12;8.87,4.89;8.9,4.66;8.93,4.44;8.96,4.21;8.99,3.99;9.03,3.77;9.07,3.55;9.12,3.32;9.18,3.08;9.24,2.84;9.3,2.59;9.38,2.32;9.47,2.04;9.56,1.75;9.67,1.43;9.8,1.1;9.94,0.75;10.09,0.39;10.26,0.04;10.46,-0.3;10.67,-0.61;10.91,-0.85;
ST14: 0,0;7.81,7.82;7.8,7.45;7.78,7.1;7.77,6.78;7.75,6.48;7.74,6.19;7.74,5.92;7.74,5.66;7.75,5.41;7.76,5.17;7.78,4.93;7.8,4.7;7.82,4.48;7.85,4.25;7.88,4.03;7.92,3.81;7.96,3.59;8.01,3.36;8.06,3.13;8.12,2.89;8.18,2.65;8.25,2.39;8.34,2.13;8.43,1.84;8.54,1.54;8.66,1.23;8.79,0.89;8.95,0.53;9.12,0.17;9.3,-0.19;9.51,-0.53;9.75,-0.84;10,-1.09;
ST15: 0,0;6.81,7.61;6.79,7.25;6.77,6.91;6.75,6.59;6.73,6.28;6.71,6;6.7,5.73;6.7,5.47;6.7,5.22;6.71,4.98;6.72,4.74;6.74,4.51;6.77,4.29;6.79,4.07;6.83,3.85;6.86,3.62;6.91,3.4;6.95,3.17;7.01,2.94;7.07,2.7;7.14,2.46;7.22,2.2;7.31,1.93;7.41,1.64;7.52,1.34;7.65,1.02;7.8,0.68;7.96,0.32;8.15,-0.05;8.35,-0.41;8.58,-0.76;8.82,-1.08;9.09,-1.33;
ST16: 0,0;5.82,7.4;5.8,7.04;5.76,6.7;5.73,6.39;5.71,6.09;5.69,5.8;5.67,5.53;5.66,5.27;5.66,5.02;5.67,4.78;5.68,4.55;5.7,4.32;5.72,4.1;5.75,3.88;5.78,3.66;5.82,3.44;5.86,3.21;5.91,2.98;5.97,2.75;6.03,2.51;6.1,2.26;6.19,2;6.28,1.73;6.39,1.44;6.51,1.13;6.65,0.81;6.81,0.46;6.99,0.1;7.18,-0.27;7.4,-0.64;7.64,-0.99;7.91,-1.31;8.19,-1.57;
ST17: 0,0;4.85,7.18;4.82,6.83;4.78,6.5;4.74,6.18;4.71,5.88;4.68,5.6;4.66,5.33;4.65,5.07;4.64,4.83;4.64,4.59;4.65,4.36;4.67,4.13;4.69,3.91;4.71,3.69;4.75,3.47;4.78,3.24;4.83,3.02;4.88,2.79;4.94,2.56;5.01,2.31;5.08,2.06;5.17,1.8;5.27,1.53;5.38,1.24;5.51,0.93;5.66,0.6;5.83,0.25;6.02,-0.11;6.23,-0.49;6.46,-0.86;6.71,-1.22;6.99,-1.54;7.29,-1.81;
ST18: 0,0;3.89,6.96;3.84,6.61;3.8,6.29;3.75,5.97;3.72,5.68;3.68,5.4;3.66,5.13;3.64,4.87;3.63,4.63;3.63,4.39;3.64,4.16;3.65,3.93;3.67,3.71;3.69,3.49;3.73,3.27;3.76,3.05;3.81,2.83;3.86,2.6;3.92,2.36;3.99,2.12;4.07,1.86;4.16,1.6;4.27,1.32;4.39,1.03;4.52,0.72;4.68,0.39;4.85,0.04;5.05,-0.33;5.27,-0.71;5.52,-1.08;5.79,-1.44;6.08,-1.77;6.4,-2.04;
ST19: 0,0;2.94,6.74;2.89,6.39;2.84,6.07;2.79,5.76;2.74,5.46;2.71,5.19;2.68,4.92;2.66,4.67;2.64,4.42;2.64,4.19;2.64,3.96;2.65,3.73;2.67,3.51;2.69,3.29;2.72,3.07;2.76,2.85;2.8,2.63;2.86,2.4;2.92,2.16;2.99,1.92;3.07,1.66;3.17,1.4;3.27,1.12;3.4,0.82;3.54,0.51;3.7,0.18;3.89,-0.18;4.1,-0.55;4.33,-0.93;4.59,-1.3;4.87,-1.67;5.18,-2;5.51,-2.28;
ST20: 0,0;2,6.51;1.94,6.17;1.88,5.85;1.83,5.54;1.78,5.25;1.74,4.97;1.7,4.71;1.68,4.46;1.66,4.22;1.66,3.98;1.66,3.76;1.66,3.53;1.68,3.31;1.7,3.09;1.73,2.87;1.77,2.65;1.81,2.43;1.86,2.2;1.92,1.96;2,1.72;2.08,1.46;2.18,1.19;2.29,0.91;2.42,0.61;2.57,0.3;2.74,-0.04;2.93,-0.39;3.15,-0.76;3.39,-1.14;3.66,-1.52;3.96,-1.89;4.28,-2.23;4.63,-2.51;
ST21: 0,0;1.08,6.28;1.01,5.94;0.95,5.62;0.89,5.32;0.84,5.03;0.79,4.76;0.76,4.49;0.73,4.25;0.71,4.01;0.7,3.77;0.7,3.55;0.7,3.33;0.71,3.11;0.73,2.89;0.76,2.67;0.79,2.45;0.84,2.23;0.89,1.99;0.95,1.76;1.02,1.51;1.11,1.25;1.2,0.98;1.32,0.7;1.45,0.4;1.61,0.09;1.78,-0.25;1.98,-0.61;2.21,-0.98;2.46,-1.36;2.75,-1.74;3.06,-2.11;3.39,-2.45;3.75,-2.74;
ST22: 0,0;0.16,6.04;0.09,5.71;0.02,5.39;-0.04,5.09;-0.1,4.81;-0.15,4.54;-0.19,4.28;-0.22,4.03;-0.24,3.79;-0.25,3.56;-0.26,3.34;-0.26,3.12;-0.25,2.9;-0.23,2.69;-0.21,2.47;-0.17,2.25;-0.13,2.02;-0.08,1.79;-0.02,1.55;0.05,1.31;0.14,1.05;0.24,0.78;0.35,0.49;0.49,0.19;0.65,-0.12;0.83,-0.46;1.04,-0.82;1.27,-1.19;1.54,-1.58;1.83,-1.96;2.15,-2.33;2.5,-2.68;2.87,-2.98;
ST23: 0,0;-0.75,5.81;-0.82,5.47;-0.89,5.16;-0.96,4.86;-1.02,4.58;-1.07,4.31;-1.11,4.06;-1.14,3.81;-1.17,3.58;-1.18,3.35;-1.19,3.13;-1.19,2.91;-1.19,2.69;-1.17,2.48;-1.15,2.26;-1.12,2.04;-1.08,1.82;-1.03,1.58;-0.97,1.35;-0.9,1.1;-0.81,0.84;-0.71,0.57;-0.59,0.28;-0.46,-0.02;-0.29,-0.34;-0.11,-0.68;0.11,-1.03;0.35,-1.41;0.62,-1.79;0.93,-2.18;1.26,-2.55;1.62,-2.9;2,-3.21;
ST24: 0,0;-1.65,5.57;-1.72,5.24;-1.8,4.92;-1.87,4.63;-1.93,4.35;-1.98,4.09;-2.02,3.83;-2.06,3.59;-2.09,3.36;-2.11,3.14;-2.12,2.92;-2.12,2.7;-2.12,2.48;-2.11,2.27;-2.09,2.05;-2.06,1.83;-2.02,1.61;-1.97,1.38;-1.91,1.14;-1.84,0.89;-1.76,0.63;-1.66,0.36;-1.54,0.07;-1.39,-0.23;-1.23,-0.55;-1.04,-0.89;-0.82,-1.25;-0.57,-1.62;-0.28,-2.01;0.03,-2.4;0.37,-2.77;0.74,-3.13;1.13,-3.44;
ST25: 0,0;-2.54,5.33;-2.62,5;-2.69,4.69;-2.76,4.4;-2.83,4.12;-2.88,3.86;-2.93,3.61;-2.97,3.37;-3,3.14;-3.02,2.92;-3.03,2.7;-3.04,2.49;-3.04,2.27;-3.03,2.06;-3.01,1.84;-2.99,1.63;-2.95,1.4;-2.9,1.17;-2.85,0.93;-2.78,0.68;-2.69,0.42;-2.59,0.15;-2.47,-0.14;-2.32,-0.44;-2.16,-0.76;-1.96,-1.1;-1.74,-1.46;-1.48,-1.84;-1.19,-2.22;-0.87,-2.61;-0.52,-2.99;-0.14,-3.35;0.26,-3.67;
ST26: 0,0;-3.41,5.09;-3.5,4.76;-3.58,4.45;-3.65,4.16;-3.71,3.89;-3.77,3.63;-3.82,3.38;-3.86,3.15;-3.89,2.92;-3.91,2.7;-3.93,2.48;-3.94,2.27;-3.94,2.06;-3.93,1.85;-3.92,1.63;-3.89,1.41;-3.86,1.19;-3.82,0.96;-3.76,0.72;-3.69,0.47;-3.61,0.21;-3.51,-0.06;-3.38,-0.35;-3.24,-0.65;-3.07,-0.98;-2.87,-1.32;-2.64,-1.68;-2.38,-2.05;-2.08,-2.44;-1.75,-2.83;-1.39,-3.21;-1.01,-3.57;-0.6,-3.9;
ST27: 0,0;-4.29,4.85;-4.38,4.52;-4.46,4.21;-4.53,3.92;-4.6,3.65;-4.65,3.4;-4.7,3.15;-4.74,2.92;-4.78,2.7;-4.8,2.48;-4.82,2.26;-4.83,2.05;-4.84,1.84;-4.83,1.63;-4.82,1.42;-4.8,1.21;-4.77,0.98;-4.73,0.75;-4.67,0.51;-4.6,0.27;-4.52,0;-4.42,-0.27;-4.3,-0.56;-4.15,-0.86;-3.98,-1.19;-3.78,-1.53;-3.54,-1.89;-3.27,-2.26;-2.97,-2.65;-2.64,-3.04;-2.27,-3.43;-1.87,-3.79;-1.46,-4.13;
ST28: 0,0;-5.15,4.6;-5.24,4.27;-5.32,3.96;-5.4,3.68;-5.46,3.41;-5.52,3.16;-5.57,2.92;-5.61,2.69;-5.65,2.47;-5.68,2.25;-5.7,2.04;-5.71,1.84;-5.72,1.63;-5.72,1.42;-5.71,1.21;-5.69,0.99;-5.66,0.77;-5.62,0.54;-5.56,0.3;-5.5,0.06;-5.42,-0.21;-5.31,-0.48;-5.19,-0.77;-5.05,-1.08;-4.87,-1.4;-4.67,-1.74;-4.43,-2.1;-4.16,-2.48;-3.85,-2.86;-3.51,-3.25;-3.14,-3.64;-2.74,-4.01;-2.31,-4.35;
ST29: 0,0;-6,4.36;-6.1,4.03;-6.18,3.72;-6.26,3.44;-6.33,3.17;-6.38,2.92;-6.43,2.68;-6.48,2.46;-6.51,2.24;-6.54,2.03;-6.56,1.82;-6.58,1.62;-6.59,1.41;-6.59,1.2;-6.58,0.99;-6.56,0.78;-6.54,0.56;-6.5,0.33;-6.45,0.1;-6.38,-0.15;-6.3,-0.42;-6.2,-0.69;-6.08,-0.98;-5.93,-1.29;-5.76,-1.61;-5.55,-1.95;-5.31,-2.31;-5.04,-2.69;-4.73,-3.07;-4.38,-3.47;-4,-3.86;-3.59,-4.23;-3.16,-4.58;
ST30: 0,0;-6.85,4.12;-6.95,3.78;-7.04,3.48;-7.12,3.19;-7.18,2.93;-7.24,2.68;-7.28,2.53;-7.29,2.45;-7.34,2.23;-7.37,2.01;-7.4,1.8;-7.43,1.6;-7.44,1.4;-7.45,1.19;-7.46,0.99;-7.45,0.78;-7.43,0.57;-7.41,0.35;-7.37,0.12;-7.32,-0.11;-7.26,-0.36;-7.18,-0.62;-7.08,-0.9;-6.96,-1.19;-6.81,-1.5;-6.64,-1.82;-6.43,-2.16;-6.19,-2.52;-5.91,-2.9;-5.59,-3.28;-5.24,-3.68;-4.86,-4.07;-4.44,-4.45;-4.01,-4.81;
ST31: 0,0;-7.69,3.87;-7.79,3.54;-7.88,3.23;-7.96,2.95;-8.03,2.69;-8.08,2.44;-8.14,2.21;-8.18,1.99;-8.22,1.78;-8.25,1.57;-8.27,1.37;-8.29,1.17;-8.3,0.97;-8.3,0.77;-8.3,0.57;-8.28,0.36;-8.26,0.14;-8.23,-0.09;-8.18,-0.32;-8.12,-0.57;-8.04,-0.83;-7.94,-1.11;-7.82,-1.4;-7.67,-1.71;-7.5,-2.03;-7.29,-2.37;-7.05,-2.73;-6.77,-3.1;-6.45,-3.49;-6.1,-3.89;-5.71,-4.28;-5.29,-4.66;-4.85,-5.03;
ST32: 0,0;-8.52,3.63;-8.63,3.29;-8.72,2.98;-8.8,2.7;-8.87,2.44;-8.92,2.2;-8.97,1.97;-9.02,1.75;-9.05,1.55;-9.09,1.34;-9.11,1.15;-9.13,0.95;-9.14,0.75;-9.14,0.55;-9.14,0.35;-9.13,0.14;-9.11,-0.07;-9.07,-0.3;-9.03,-0.53;-8.97,-0.78;-8.89,-1.04;-8.79,-1.32;-8.67,-1.61;-8.53,-1.91;-8.36,-2.24;-8.15,-2.58;-7.9,-2.94;-7.62,-3.31;-7.3,-3.7;-6.94,-4.09;-6.55,-4.49;-6.13,-4.88;-5.69,-5.25;
ST33: 0,0;-9.35,3.39;-9.46,3.04;-9.55,2.73;-9.63,2.45;-9.7,2.19;-9.76,1.96;-9.81,1.73;-9.85,1.52;-9.89,1.31;-9.92,1.11;-9.94,0.92;-9.96,0.73;-9.97,0.53;-9.98,0.34;-9.97,0.14;-9.96,-0.07;-9.94,-0.28;-9.91,-0.51;-9.87,-0.74;-9.81,-0.99;-9.73,-1.25;-9.64,-1.52;-9.52,-1.81;-9.38,-2.12;-9.2,-2.44;-9,-2.78;-8.75,-3.14;-8.47,-3.52;-8.15,-3.9;-7.79,-4.3;-7.39,-4.69;-6.97,-5.09;-6.52,-5.47;
ST34: 0,0;-10.17,3.14;-10.28,2.79;-10.37,2.48;-10.45,2.2;-10.52,1.95;-10.58,1.71;-10.63,1.49;-10.67,1.28;-10.7,1.08;-10.73,0.88;-10.76,0.69;-10.78,0.5;-10.79,0.31;-10.79,0.12;-10.79,-0.08;-10.78,-0.28;-10.76,-0.5;-10.73,-0.72;-10.69,-0.95;-10.63,-1.2;-10.56,-1.45;-10.46,-1.73;-10.35,-2.02;-10.2,-2.32;-10.03,-2.65;-9.83,-2.99;-9.58,-3.34;-9.3,-3.72;-8.98,-4.1;-8.62,-4.5;-8.22,-4.89;-7.8,-5.29;-7.35,-5.68;
ST35: 0,0;-10.98,2.9;-11.1,2.55;-11.19,2.23;-11.27,1.95;-11.34,1.7;-11.39,1.46;-11.44,1.25;-11.48,1.04;-11.52,0.84;-11.55,0.65;-11.57,0.46;-11.59,0.28;-11.6,0.09;-11.61,-0.1;-11.61,-0.3;-11.6,-0.5;-11.58,-0.71;-11.55,-0.93;-11.5,-1.16;-11.45,-1.4;-11.38,-1.66;-11.28,-1.93;-11.17,-2.22;-11.03,-2.53;-10.86,-2.85;-10.65,-3.19;-10.41,-3.55;-10.13,-3.92;-9.81,-4.3;-9.45,-4.69;-9.05,-5.09;-8.62,-5.49;-8.17,-5.89;
ST36: 0,0;-11.79,2.65;-11.9,2.3;-12,1.98;-12.08,1.7;-12.15,1.45;-12.2,1.22;-12.25,1;-12.29,0.8;-12.32,0.61;-12.35,0.42;-12.37,0.23;-12.39,0.05;-12.4,-0.13;-12.41,-0.32;-12.4,-0.51;-12.39,-0.71;-12.38,-0.92;-12.35,-1.14;-12.31,-1.36;-12.25,-1.61;-12.18,-1.86;-12.09,-2.14;-11.97,-2.42;-11.84,-2.73;-11.67,-3.05;-11.46,-3.39;-11.22,-3.74;-10.94,-4.11;-10.62,-4.49;-10.27,-4.89;-9.87,-5.28;-9.44,-5.69;-8.99,-6.08;
ST37: 0,0;-12.59,2.41;-12.71,2.05;-12.8,1.73;-12.88,1.45;-12.95,1.2;-13,0.97;-13.05,0.76;-13.09,0.56;-13.12,0.37;-13.15,0.19;-13.17,0.01;-13.18,-0.17;-13.19,-0.35;-13.2,-0.54;-13.19,-0.73;-13.18,-0.92;-13.17,-1.13;-13.14,-1.34;-13.09,-1.57;-13.04,-1.81;-12.97,-2.07;-12.88,-2.34;-12.77,-2.62;-12.63,-2.93;-12.46,-3.25;-12.26,-3.58;-12.03,-3.93;-11.75,-4.3;-11.43,-4.68;-11.08,-5.07;-10.68,-5.47;-10.25,-5.87;-9.8,-6.27;
ST38: 0,0;-13.38,2.16;-13.51,1.8;-13.6,1.48;-13.68,1.2;-13.75,0.95;-13.8,0.73;-13.84,0.52;-13.88,0.32;-13.91,0.14;-13.93,-0.04;-13.95,-0.22;-13.97,-0.4;-13.98,-0.57;-13.98,-0.75;-13.98,-0.94;-13.97,-1.13;-13.95,-1.34;-13.92,-1.55;-13.88,-1.78;-13.82,-2.01;-13.75,-2.27;-13.67,-2.54;-13.56,-2.82;-13.42,-3.12;-13.26,-3.44;-13.06,-3.78;-12.82,-4.13;-12.55,-4.49;-12.23,-4.87;-11.88,-5.26;-11.49,-5.65;-11.06,-6.06;-10.61,-6.46;
ST39: 0,0;-14.17,1.92;-14.3,1.55;-14.39,1.23;-14.47,0.95;-14.53,0.7;-14.58,0.48;-14.63,0.27;-14.66,0.08;-14.69,-0.1;-14.71,-0.28;-14.73,-0.45;-14.74,-0.62;-14.75,-0.79;-14.75,-0.97;-14.75,-1.15;-14.73,-1.34;-14.71,-1.54;-14.68,-1.76;-14.64,-1.98;-14.59,-2.22;-14.52,-2.47;-14.43,-2.73;-14.32,-3.02;-14.19,-3.32;-14.03,-3.63;-13.83,-3.96;-13.6,-4.31;-13.33,-4.67;-13.02,-5.04;-12.67,-5.43;-12.28,-5.82;-11.86,-6.22;-11.4,-6.63;
ST40: 0,0;-14.96,1.67;-15.08,1.3;-15.18,0.98;-15.26,0.7;-15.32,0.45;-15.37,0.23;-15.41,0.03;-15.44,-0.16;-15.46,-0.33;-15.48,-0.51;-15.5,-0.68;-15.51,-0.84;-15.52,-1.01;-15.52,-1.19;-15.51,-1.37;-15.5,-1.56;-15.47,-1.75;-15.44,-1.96;-15.4,-2.18;-15.35,-2.42;-15.28,-2.67;-15.19,-2.93;-15.08,-3.21;-14.95,-3.51;-14.79,-3.82;-14.6,-4.15;-14.37,-4.49;-14.11,-4.85;-13.8,-5.21;-13.45,-5.6;-13.07,-5.99;-12.65,-6.39;-12.19,-6.79;
ST41: 0,0;-15.74,1.42;-15.86,1.05;-15.96,0.72;-16.04,0.45;-16.09,0.2;-16.14,-0.01;-16.17,-0.21;-16.2,-0.4;-16.23,-0.57;-16.24,-0.74;-16.26,-0.9;-16.27,-1.07;-16.27,-1.23;-16.27,-1.4;-16.26,-1.58;-16.24,-1.77;-16.22,-1.96;-16.19,-2.17;-16.14,-2.38;-16.09,-2.61;-16.02,-2.86;-15.93,-3.12;-15.82,-3.4;-15.69,-3.69;-15.54,-4;-15.35,-4.32;-15.13,-4.66;-14.86,-5.01;-14.56,-5.37;-14.22,-5.75;-13.84,-6.14;-13.43,-6.53;-12.97,-6.94;
ST42: 0,0;-16.51,1.18;-16.64,0.8;-16.74,0.47;-16.81,0.19;-16.86,-0.05;-16.91,-0.26;-16.94,-0.45;-16.96,-0.63;-16.98,-0.8;-17,-0.97;-17.01,-1.13;-17.01,-1.29;-17.02,-1.45;-17.01,-1.62;-17,-1.79;-16.98,-1.98;-16.96,-2.17;-16.92,-2.37;-16.88,-2.58;-16.82,-2.81;-16.75,-3.05;-16.66,-3.31;-16.56,-3.59;-16.43,-3.87;-16.28,-4.18;-16.09,-4.5;-15.87,-4.83;-15.62,-5.17;-15.32,-5.53;-14.99,-5.9;-14.61,-6.28;-14.2,-6.67;-13.75,-7.07;
ST43: 0,0;-17.28,0.93;-17.41,0.54;-17.5,0.22;-17.57,-0.06;-17.62,-0.3;-17.66,-0.51;-17.69,-0.7;-17.71,-0.87;-17.73,-1.04;-17.74,-1.2;-17.75,-1.36;-17.75,-1.52;-17.75,-1.68;-17.74,-1.84;-17.73,-2.01;-17.7,-2.19;-17.68,-2.37;-17.64,-2.57;-17.59,-2.78;-17.53,-3.01;-17.46,-3.24;-17.38,-3.5;-17.27,-3.76;-17.14,-4.05;-16.99,-4.34;-16.81,-4.66;-16.6,-4.98;-16.35,-5.32;-16.06,-5.67;-15.73,-6.03;-15.37,-6.41;-14.96,-6.79;-14.51,-7.19;
ST44: 0,0;-15.27,-7.29;-15.71,-6.9;-16.11,-6.53;-16.47,-6.16;-16.79,-5.81;-17.07,-5.46;-17.31,-5.13;-17.52,-4.81;-17.7,-4.51;-17.85,-4.22;-17.97,-3.94;-18.08,-3.68;-18.17,-3.43;-18.24,-3.2;-18.3,-2.98;-18.35,-2.78;-18.39,-2.58;-18.42,-2.4;-18.44,-2.22;-18.46,-2.06;-18.47,-1.9;-18.48,-1.74;-18.48,-1.59;-18.48,-1.43;-18.47,-1.28;-18.45,-1.12;-18.44,-0.94;-18.41,-0.76;-18.41,-0.75;-18.38,-0.55;-18.33,-0.31;-18.27,-0.04;-18.17,0.29;-18.04,0.69;
ST45: 0,0;-18.8,0.44;-18.93,0.04;-19.02,-0.29;-19.08,-0.57;-19.12,-0.81;-19.15,-1.01;-19.17,-1.19;-19.18,-1.36;-19.19,-1.52;-19.19,-1.67;-19.19,-1.82;-19.19,-1.97;-19.18,-2.13;-19.17,-2.28;-19.15,-2.44;-19.12,-2.61;-19.08,-2.79;-19.04,-2.98;-18.99,-3.18;-18.93,-3.39;-18.85,-3.62;-18.76,-3.86;-18.66,-4.11;-18.53,-4.38;-18.38,-4.66;-18.21,-4.96;-18,-5.27;-17.77,-5.59;-17.5,-5.92;-17.19,-6.27;-16.84,-6.62;-16.45,-6.99;-16.02,-7.37;
ST46: 0,0;-19.55,0.19;-19.68,-0.22;-19.76,-0.56;-19.82,-0.83;-19.86,-1.07;-19.88,-1.27;-19.9,-1.45;-19.9,-1.61;-19.9,-1.77;-19.9,-1.92;-19.9,-2.07;-19.89,-2.21;-19.88,-2.36;-19.86,-2.51;-19.84,-2.67;-19.8,-2.83;-19.77,-3.01;-19.72,-3.19;-19.67,-3.38;-19.6,-3.59;-19.52,-3.81;-19.43,-4.04;-19.32,-4.28;-19.2,-4.54;-19.05,-4.81;-18.88,-5.09;-18.68,-5.39;-18.45,-5.7;-18.18,-6.02;-17.89,-6.35;-17.55,-6.7;-17.17,-7.06;-16.75,-7.43;
ST47: 0,0;-20.3,-0.06;-20.42,-0.48;-20.5,-0.82;-20.55,-1.1;-20.59,-1.33;-20.6,-1.53;-20.61,-1.71;-20.61,-1.87;-20.61,-2.02;-20.6,-2.17;-20.6,-2.31;-20.58,-2.45;-20.57,-2.6;-20.54,-2.75;-20.52,-2.9;-20.48,-3.06;-20.44,-3.23;-20.39,-3.4;-20.33,-3.59;-20.26,-3.79;-20.18,-3.99;-20.09,-4.21;-19.98,-4.45;-19.85,-4.69;-19.7,-4.95;-19.53,-5.22;-19.34,-5.5;-19.12,-5.8;-18.86,-6.11;-18.57,-6.43;-18.25,-6.76;-17.88,-7.11;-17.47,-7.47;
ST48: 0,0;-18.19,-7.5;-18.59,-7.15;-18.94,-6.82;-19.25,-6.5;-19.53,-6.19;-19.77,-5.89;-19.82,-5.83;-19.99,-5.61;-20.18,-5.35;-20.35,-5.09;-20.5,-4.85;-20.63,-4.61;-20.74,-4.39;-20.84,-4.19;-20.92,-3.99;-20.99,-3.8;-21.05,-3.62;-21.11,-3.45;-21.15,-3.29;-21.19,-3.14;-21.22,-2.99;-21.25,-2.84;-21.27,-2.7;-21.29,-2.56;-21.3,-2.42;-21.31,-2.28;-21.31,-2.13;-21.32,-1.98;-21.32,-1.8;-21.3,-1.61;-21.28,-1.37;-21.23,-1.09;-21.15,-0.75;-21.03,-0.32;
ST49: 0,0;-21.76,-0.57;-21.87,-1.01;-21.95,-1.37;-21.99,-1.65;-22.02,-1.88;-22.02,-2.08;-22.02,-2.24;-22.01,-2.4;-22,-2.54;-21.99,-2.68;-21.97,-2.82;-21.95,-2.96;-21.93,-3.09;-21.9,-3.23;-21.87,-3.38;-21.82,-3.53;-21.78,-3.68;-21.72,-3.85;-21.65,-4.02;-21.58,-4.2;-21.49,-4.39;-21.39,-4.58;-21.27,-4.79;-21.14,-5.01;-20.99,-5.24;-20.83,-5.48;-20.64,-5.73;-20.43,-5.99;-20.19,-6.27;-19.92,-6.56;-19.62,-6.86;-19.29,-7.18;-18.91,-7.52;
ST50: 0,0;-22.48,-0.82;-22.59,-1.28;-22.66,-1.64;-22.7,-1.93;-22.72,-2.16;-22.73,-2.35;-22.72,-2.51;-22.71,-2.66;-22.7,-2.81;-22.68,-2.94;-22.66,-3.08;-22.64,-3.21;-22.61,-3.34;-22.58,-3.48;-22.54,-3.62;-22.49,-3.77;-22.44,-3.92;-22.38,-4.07;-22.31,-4.24;-22.23,-4.41;-22.14,-4.59;-22.03,-4.78;-21.92,-4.97;-21.78,-5.18;-21.64,-5.39;-21.47,-5.62;-21.28,-5.85;-21.08,-6.1;-20.85,-6.36;-20.59,-6.63;-20.3,-6.92;-19.98,-7.22;-19.62,-7.55;
ST51: 0,0;-23.2,-1.08;-23.31,-1.55;-23.37,-1.92;-23.41,-2.21;-23.43,-2.44;-23.43,-2.63;-23.42,-2.79;-23.41,-2.93;-23.39,-3.07;-23.37,-3.2;-23.35,-3.33;-23.32,-3.46;-23.29,-3.59;-23.25,-3.73;-23.21,-3.87;-23.16,-4.01;-23.11,-4.15;-23.04,-4.31;-22.97,-4.46;-22.88,-4.63;-22.79,-4.8;-22.68,-4.98;-22.56,-5.16;-22.43,-5.36;-22.28,-5.56;-22.11,-5.77;-21.93,-5.98;-21.73,-6.21;-21.5,-6.45;-21.25,-6.71;-20.98,-6.98;-20.67,-7.26;-20.32,-7.57;
ST52: 0,0;-23.91,-1.34;-24.01,-1.83;-24.08,-2.2;-24.11,-2.49;-24.12,-2.72;-24.12,-2.9;-24.11,-3.06;-24.1,-3.2;-24.08,-3.33;-24.06,-3.46;-24.03,-3.59;-24,-3.72;-23.97,-3.85;-23.93,-3.98;-23.88,-4.11;-23.83,-4.25;-23.77,-4.4;-23.7,-4.54;-23.63,-4.7;-23.54,-4.85;-23.44,-5.02;-23.33,-5.19;-23.21,-5.36;-23.07,-5.54;-22.92,-5.73;-22.75,-5.93;-22.57,-6.13;-22.37,-6.35;-22.15,-6.57;-21.91,-6.8;-21.65,-7.05;-21.35,-7.31;-21.03,-7.6;
ST53: 0,0;-24.62,-1.59;-24.72,-2.1;-24.78,-2.49;-24.81,-2.78;-24.82,-3;-24.81,-3.18;-24.8,-3.33;-24.78,-3.47;-24.76,-3.59;-24.74,-3.72;-24.71,-3.85;-24.68,-3.97;-24.64,-4.1;-24.6,-4.23;-24.55,-4.36;-24.5,-4.5;-24.43,-4.64;-24.36,-4.78;-24.28,-4.93;-24.19,-5.08;-24.09,-5.24;-23.97,-5.4;-23.85,-5.57;-23.71,-5.74;-23.56,-5.92;-23.4,-6.1;-23.21,-6.29;-23.02,-6.48;-22.8,-6.69;-22.57,-6.9;-22.31,-7.13;-22.03,-7.37;-21.73,-7.63;
ST54: 0,0;-25.32,-1.85;-25.41,-2.38;-25.47,-2.77;-25.49,-3.06;-25.5,-3.28;-25.5,-3.46;-25.48,-3.6;-25.46,-3.73;-25.44,-3.86;-25.41,-3.98;-25.38,-4.11;-25.35,-4.23;-25.31,-4.36;-25.26,-4.49;-25.21,-4.62;-25.15,-4.75;-25.09,-4.89;-25.01,-5.03;-24.93,-5.17;-24.84,-5.32;-24.73,-5.47;-24.62,-5.63;-24.49,-5.79;-24.36,-5.95;-24.2,-6.12;-24.04,-6.3;-23.86,-6.47;-23.66,-6.66;-23.45,-6.84;-23.23,-7.04;-22.98,-7.24;-22.72,-7.46;-22.44,-7.69;
ST55: 0,0;-26.01,-2.1;-26.1,-2.65;-26.15,-3.05;-26.17,-3.34;-26.18,-3.56;-26.17,-3.73;-26.15,-3.87;-26.13,-4;-26.1,-4.12;-26.08,-4.24;-26.04,-4.37;-26.01,-4.49;-25.97,-4.61;-25.92,-4.74;-25.87,-4.87;-25.81,-5;-25.74,-5.14;-25.66,-5.28;-25.58,-5.42;-25.48,-5.57;-25.38,-5.71;-25.26,-5.86;-25.14,-6.02;-25,-6.17;-24.85,-6.33;-24.68,-6.5;-24.5,-6.67;-24.31,-6.84;-24.11,-7.01;-23.89,-7.19;-23.66,-7.38;-23.41,-7.57;-23.15,-7.78;
ST56: 0,0;-26.7,-2.36;-26.78,-2.92;-26.83,-3.33;-26.84,-3.62;-26.84,-3.84;-26.83,-4;-26.81,-4.14;-26.78,-4.26;-26.76,-4.38;-26.73,-4.5;-26.7,-4.62;-26.66,-4.75;-26.62,-4.87;-26.57,-5;-26.52,-5.13;-26.46,-5.26;-26.39,-5.4;-26.31,-5.53;-26.22,-5.67;-26.13,-5.82;-26.02,-5.96;-25.91,-6.11;-25.78,-6.26;-25.64,-6.41;-25.49,-6.56;-25.33,-6.72;-25.16,-6.88;-24.97,-7.04;-24.78,-7.2;-24.57,-7.37;-24.35,-7.55;-24.12,-7.73;-23.88,-7.91;
