ST35: 0,0;74.9,-1.61;74.9,-1.46;74.9,-1.34;74.9,-1.24;74.9,-1.14;74.9,-1.05;74.9,-0.97;74.9,-0.96;74.9,-0.89;74.9,-0.81;74.9,-0.73;74.9,-0.66;74.9,-0.59;74.9,-0.52;74.9,-0.46;74.9,-0.4;74.9,-0.35;74.9,-0.3;74.9,-0.25;74.9,-0.21;74.9,-0.2;74.9,-0.16;74.9,-0.1;74.9,-0.04;74.9,0;
ST2: 0,0;73.55,-2.1;73.55,-1.94;73.55,-1.92;73.55,-1.81;73.55,-1.7;73.55,-1.59;73.55,-1.5;73.55,-1.41;73.55,-1.32;73.55,-1.24;73.55,-1.16;73.55,-1.08;73.55,-1;73.55,-0.93;73.55,-0.86;73.55,-0.8;73.55,-0.74;73.55,-0.68;73.55,-0.63;73.55,-0.57;73.55,-0.52;73.55,-0.48;73.55,-0.43;73.55,-0.38;73.55,-0.37;73.55,-0.33;73.55,-0.28;73.55,-0.23;73.55,-0.18;73.55,-0.12;73.55,-0.08;73.55,-0.06;73.55,0;
ST3: 0,0;72.2,-2.57;72.2,-2.4;72.2,-2.26;72.2,-2.14;72.2,-2.03;72.2,-1.92;72.2,-1.83;72.2,-1.73;72.2,-1.64;72.2,-1.55;72.2,-1.47;72.2,-1.39;72.2,-1.31;72.2,-1.23;72.2,-1.16;72.2,-1.09;72.2,-1.02;72.2,-0.96;72.2,-0.9;72.2,-0.84;72.2,-0.78;72.2,-0.72;72.2,-0.66;72.2,-0.6;72.2,-0.53;72.2,-0.47;72.2,-0.4;72.2,-0.36;72.2,-0.33;72.2,-0.25;72.2,-0.18;72.2,-0.11;72.2,-0.05;72.2,-0.04;72.2,0;72.2,0;
ST4: 0,0;70.85,-3.01;70.85,-2.84;70.85,-2.69;70.85,-2.56;70.85,-2.44;70.85,-2.34;70.85,-2.23;70.85,-2.13;70.85,-2.03;70.85,-1.94;70.85,-1.84;70.85,-1.75;70.85,-1.67;70.85,-1.58;70.85,-1.5;70.85,-1.43;70.85,-1.35;70.85,-1.28;70.85,-1.21;70.85,-1.14;70.85,-1.07;70.85,-0.99;70.85,-0.92;70.85,-0.84;70.85,-0.76;70.85,-0.68;70.85,-0.59;70.85,-0.5;70.85,-0.4;70.85,-0.29;70.85,-0.19;70.85,-0.09;70.85,-0.07;70.85,0;
ST5: 0,0;69.5,-3.42;69.5,-3.25;69.5,-3.1;69.5,-2.96;69.5,-2.84;69.5,-2.73;69.5,-2.62;69.5,-2.51;69.5,-2.41;69.5,-2.31;69.5,-2.21;69.5,-2.11;69.5,-2.02;69.5,-1.92;69.5,-1.84;69.5,-1.75;69.5,-1.67;69.5,-1.59;69.5,-1.51;69.5,-1.43;69.5,-1.35;69.5,-1.26;69.5,-1.17;69.5,-1.08;69.5,-0.99;69.5,-0.88;69.5,-0.77;69.5,-0.65;69.5,-0.53;69.5,-0.4;69.5,-0.26;69.5,-0.13;69.5,0;
ST6: 0,0;68.15,-3.81;68.15,-3.63;68.15,-3.48;68.15,-3.34;68.15,-3.22;68.15,-3.1;68.15,-2.99;68.15,-2.88;68.15,-2.77;68.15,-2.66;68.15,-2.55;68.15,-2.45;68.15,-2.35;68.15,-2.26;68.15,-2.16;68.15,-2.07;68.15,-1.98;68.15,-1.89;68.15,-1.8;68.15,-1.71;68.15,-1.62;68.15,-1.52;68.15,-1.42;68.15,-1.32;68.15,-1.2;68.15,-1.08;68.15,-0.95;68.15,-0.81;68.15,-0.66;68.15,-0.5;68.15,-0.33;68.15,-0.17;68.15,0;
ST34: 0,0;66.8,-4.15;66.8,-3.98;66.8,-3.83;66.8,-3.69;66.8,-3.57;66.8,-3.45;66.8,-3.33;66.8,-3.22;66.8,-3.11;66.8,-3;66.8,-2.89;66.8,-2.78;66.8,-2.67;66.8,-2.57;66.8,-2.47;66.8,-2.38;66.8,-2.28;66.8,-2.18;66.8,-2.09;66.8,-1.99;66.8,-1.88;66.8,-1.78;66.8,-1.66;66.8,-1.54;66.8,-1.41;66.8,-1.27;66.8,-1.12;66.8,-0.95;66.8,-0.78;66.8,-0.59;66.8,-0.4;66.8,-0.2;66.8,0;
ST33: 0,0;65.45,-4.46;65.45,-4.29;65.45,-4.14;65.45,-4;65.45,-3.88;65.45,-3.76;65.45,-3.64;65.45,-3.53;65.45,-3.41;65.45,-3.3;65.45,-3.19;65.45,-3.08;65.45,-2.97;65.45,-2.87;65.45,-2.76;65.45,-2.66;65.45,-2.56;65.45,-2.46;65.45,-2.35;65.45,-2.24;65.45,-2.13;65.45,-2.01;65.45,-1.89;65.45,-1.75;65.45,-1.61;65.45,-1.45;65.45,-1.27;65.45,-1.09;65.45,-0.89;65.45,-0.68;65.45,-0.45;65.45,-0.23;65.45,0;
ST38: 0,0;64.09,-4.74;64.09,-4.57;64.09,-4.42;64.09,-4.29;64.09,-4.17;64.09,-4.05;64.09,-3.93;64.09,-3.82;64.09,-3.71;64.09,-3.59;64.09,-3.48;64.09,-3.37;64.09,-3.26;64.09,-3.15;64.09,-3.04;64.09,-2.93;64.09,-2.83;64.09,-2.72;64.09,-2.6;64.09,-2.49;64.09,-2.37;64.09,-2.24;64.09,-2.1;64.09,-1.95;64.09,-1.79;64.09,-1.61;64.09,-1.42;64.09,-1.22;64.09,-0.99;64.09,-0.76;64.09,-0.51;64.09,-0.26;64.09,0;
ST37: 0,0;62.74,-4.97;62.74,-4.81;62.74,-4.67;62.74,-4.54;62.74,-4.42;62.74,-4.31;62.74,-4.19;62.74,-4.08;62.74,-3.97;62.74,-3.86;62.74,-3.74;62.74,-3.63;62.74,-3.52;62.74,-3.41;62.74,-3.3;62.74,-3.19;62.74,-3.08;62.74,-2.96;62.74,-2.84;62.74,-2.72;62.74,-2.59;62.74,-2.45;62.74,-2.3;62.74,-2.14;62.74,-1.96;62.74,-1.77;62.74,-1.56;62.74,-1.34;62.74,-1.09;62.74,-0.83;62.74,-0.56;62.74,-0.28;62.74,0;
ST36: 0,0;61.39,-5.18;61.39,-5.02;61.39,-4.89;61.39,-4.76;61.39,-4.65;61.39,-4.54;61.39,-4.43;61.39,-4.32;61.39,-4.21;61.39,-4.1;61.39,-3.99;61.39,-3.88;61.39,-3.77;61.39,-3.65;61.39,-3.54;61.39,-3.43;61.39,-3.31;61.39,-3.19;61.39,-3.07;61.39,-2.94;61.39,-2.8;61.39,-2.65;61.39,-2.49;61.39,-2.31;61.39,-2.12;61.39,-1.92;61.39,-1.69;61.39,-1.45;61.39,-1.18;61.39,-0.9;61.39,-0.61;61.39,-0.31;61.39,0;
ST29: 0,0;60.04,0;60.04,-0.33;60.04,-0.66;60.04,-0.97;60.04,-1.27;60.04,-1.56;60.04,-1.82;60.04,-2.06;60.04,-2.28;60.04,-2.48;60.04,-2.67;60.04,-2.84;60.04,-3;60.04,-3.15;60.04,-3.23;60.04,-3.28;60.04,-3.41;60.04,-3.54;60.04,-3.66;60.04,-3.77;60.04,-3.89;60.04,-4;60.04,-4.11;60.04,-4.22;60.04,-4.33;60.04,-4.44;60.04,-4.55;60.04,-4.65;60.04,-4.76;60.04,-4.86;60.04,-4.97;60.04,-5.09;60.04,-5.21;60.04,-5.36;
ST28: 0,0;58.69,-5.51;58.69,-5.38;58.69,-5.26;58.69,-5.15;58.69,-5.05;58.69,-4.95;58.69,-4.85;58.69,-4.75;58.69,-4.65;58.69,-4.54;58.69,-4.44;58.69,-4.33;58.69,-4.22;58.69,-4.1;58.69,-3.99;58.69,-3.87;58.69,-3.75;58.69,-3.62;58.69,-3.48;58.69,-3.34;58.69,-3.19;58.69,-3.02;58.69,-2.84;58.69,-2.64;58.69,-2.43;58.69,-2.2;58.69,-1.94;58.69,-1.66;58.69,-1.36;58.69,-1.04;58.69,-0.7;58.69,-0.35;58.69,0;
ST27: 0,0;57.34,-5.66;57.34,-5.54;57.34,-5.43;57.34,-5.33;57.34,-5.23;57.34,-5.14;57.34,-5.05;57.34,-4.95;57.34,-4.85;57.34,-4.75;57.34,-4.64;57.34,-4.54;57.34,-4.43;57.34,-4.32;57.34,-4.2;57.34,-4.08;57.34,-3.95;57.34,-3.82;57.34,-3.68;57.34,-3.53;57.34,-3.37;57.34,-3.2;57.34,-3.01;57.34,-2.8;57.34,-2.58;57.34,-2.33;57.34,-2.06;57.34,-1.76;57.34,-1.44;57.34,-1.1;57.34,-0.74;57.34,-0.37;57.34,0;
ST32: 0,0;55.99,-5.78;55.99,-5.67;55.99,-5.57;55.99,-5.48;55.99,-5.39;55.99,-5.31;55.99,-5.22;55.99,-5.13;55.99,-5.03;55.99,-4.94;55.99,-4.84;55.99,-4.73;55.99,-4.62;55.99,-4.51;55.99,-4.39;55.99,-4.27;55.99,-4.15;55.99,-4.01;55.99,-3.87;55.99,-3.71;55.99,-3.54;55.99,-3.36;55.99,-3.17;55.99,-2.95;55.99,-2.71;55.99,-2.45;55.99,-2.17;55.99,-1.86;55.99,-1.52;55.99,-1.16;55.99,-0.78;55.99,-0.39;55.99,0;
ST31: 0,0;54.64,-5.9;54.64,-5.8;54.64,-5.71;54.64,-5.63;54.64,-5.55;54.64,-5.47;54.64,-5.39;54.64,-5.3;54.64,-5.21;54.64,-5.12;54.64,-5.02;54.64,-4.92;54.64,-4.81;54.64,-4.7;54.64,-4.58;54.64,-4.46;54.64,-4.33;54.64,-4.19;54.64,-4.05;54.64,-3.89;54.64,-3.71;54.64,-3.53;54.64,-3.32;54.64,-3.1;54.64,-2.85;54.64,-2.58;54.64,-2.28;54.64,-1.95;54.64,-1.6;54.64,-1.22;54.64,-0.82;54.64,-0.41;54.64,0;
ST30: 0,0;53.29,-6.01;53.29,-5.92;53.29,-5.84;53.29,-5.76;53.29,-5.69;53.29,-5.62;53.29,-5.54;53.29,-5.46;53.29,-5.37;53.29,-5.28;53.29,-5.19;53.29,-5.09;53.29,-4.98;53.29,-4.87;53.29,-4.76;53.29,-4.64;53.29,-4.5;53.29,-4.36;53.29,-4.21;53.29,-4.05;53.29,-3.87;53.29,-3.68;53.29,-3.47;53.29,-3.24;53.29,-2.98;53.29,-2.7;53.29,-2.38;53.29,-2.04;53.29,-1.67;53.29,-1.28;53.29,-0.86;53.29,-0.43;53.29,0;
ST39: 0,0;51.94,-6.1;51.94,-6.03;51.94,-5.95;51.94,-5.89;51.94,-5.82;51.94,-5.75;51.94,-5.68;51.94,-5.61;51.94,-5.53;51.94,-5.44;51.94,-5.35;51.94,-5.25;51.94,-5.15;51.94,-5.04;51.94,-4.92;51.94,-4.8;51.94,-4.67;51.94,-4.53;51.94,-4.37;51.94,-4.21;51.94,-4.03;51.94,-3.83;51.94,-3.61;51.94,-3.37;51.94,-3.1;51.94,-2.81;51.94,-2.49;51.94,-2.13;51.94,-1.75;51.94,-1.33;51.94,-0.9;51.94,-0.45;51.94,0;
ST48: 0,0;50.59,-6.19;50.59,-6.12;50.59,-6.05;50.59,-5.99;50.59,-5.93;50.59,-5.87;50.59,-5.81;50.59,-5.74;50.59,-5.66;50.59,-5.58;50.59,-5.49;50.59,-5.39;50.59,-5.29;50.59,-5.19;50.59,-5.07;50.59,-4.95;50.59,-4.82;50.59,-4.68;50.59,-4.52;50.59,-4.35;50.59,-4.17;50.59,-3.96;50.59,-3.74;50.59,-3.49;50.59,-3.22;50.59,-2.92;50.59,-2.58;50.59,-2.21;50.59,-1.81;50.59,-1.39;50.59,-0.94;50.59,-0.47;50.59,0;
ST47: 0,0;49.24,-6.27;49.24,-6.2;49.24,-6.15;49.24,-6.09;49.24,-6.04;49.24,-5.98;49.24,-5.92;49.24,-5.86;49.24,-5.79;49.24,-5.71;49.24,-5.62;49.24,-5.53;49.24,-5.43;49.24,-5.33;49.24,-5.22;49.24,-5.09;49.24,-4.96;49.24,-4.82;49.24,-4.66;49.24,-4.49;49.24,-4.3;49.24,-4.1;49.24,-3.87;49.24,-3.62;49.24,-3.33;49.24,-3.02;49.24,-2.68;49.24,-2.3;49.24,-1.88;49.24,-1.44;49.24,-0.97;49.24,-0.49;49.24,0;
ST46: 0,0;47.89,-6.33;47.89,-6.27;47.89,-6.22;47.89,-6.17;47.89,-6.12;47.89,-6.07;47.89,-6.02;47.89,-5.95;47.89,-5.89;47.89,-5.81;47.89,-5.73;47.89,-5.64;47.89,-5.55;47.89,-5.45;47.89,-5.33;47.89,-5.21;47.89,-5.08;47.89,-4.94;47.89,-4.79;47.89,-4.61;47.89,-4.42;47.89,-4.22;47.89,-3.98;47.89,-3.72;47.89,-3.44;47.89,-3.12;47.89,-2.76;47.89,-2.37;47.89,-1.94;47.89,-1.49;47.89,-1.01;47.89,-0.51;47.89,0;
ST51: 0,0;46.54,-6.39;46.54,-6.34;46.54,-6.3;46.54,-6.25;46.54,-6.21;46.54,-6.16;46.54,-6.11;46.54,-6.05;46.54,-5.99;46.54,-5.92;46.54,-5.84;46.54,-5.75;46.54,-5.66;46.54,-5.56;46.54,-5.45;46.54,-5.34;46.54,-5.21;46.54,-5.06;46.54,-4.91;46.54,-4.74;46.54,-4.54;46.54,-4.33;46.54,-4.1;46.54,-3.83;46.54,-3.54;46.54,-3.21;46.54,-2.85;46.54,-2.44;46.54,-2.01;46.54,-1.54;46.54,-1.04;46.54,-0.52;46.54,0;
ST50: 0,0;45.19,-6.44;45.19,-6.39;45.19,-6.35;45.19,-6.31;45.19,-6.27;45.19,-6.23;45.19,-6.18;45.19,-6.12;45.19,-6.06;45.19,-6;45.19,-5.92;45.19,-5.84;45.19,-5.75;45.19,-5.66;45.19,-5.55;45.19,-5.44;45.19,-5.31;45.19,-5.17;45.19,-5.01;45.19,-4.84;45.19,-4.65;45.19,-4.43;45.19,-4.19;45.19,-3.93;45.19,-3.63;45.19,-3.29;45.19,-2.92;45.19,-2.51;45.19,-2.06;45.19,-1.58;45.19,-1.07;45.19,-0.54;45.19,0;
ST49: 0,0;43.84,-6.48;43.84,-6.44;43.84,-6.4;43.84,-6.37;43.84,-6.33;43.84,-6.29;43.84,-6.24;43.84,-6.19;43.84,-6.14;43.84,-6.07;43.84,-6;43.84,-5.92;43.84,-5.84;43.84,-5.75;43.84,-5.64;43.84,-5.53;43.84,-5.4;43.84,-5.26;43.84,-5.11;43.84,-4.94;43.84,-4.74;43.84,-4.53;43.84,-4.29;43.84,-4.02;43.84,-3.71;43.84,-3.37;43.84,-3;43.84,-2.57;43.84,-2.12;43.84,-1.62;43.84,-1.1;43.84,-0.55;43.84,0;
ST42: 0,0;42.49,-6.52;42.49,-6.48;42.49,-6.45;42.49,-6.42;42.49,-6.38;42.49,-6.34;42.49,-6.3;42.49,-6.25;42.49,-6.2;42.49,-6.14;42.49,-6.07;42.49,-6;42.49,-5.92;42.49,-5.83;42.49,-5.73;42.49,-5.62;42.49,-5.49;42.49,-5.36;42.49,-5.2;42.49,-5.03;42.49,-4.84;42.49,-4.62;42.49,-4.38;42.49,-4.1;42.49,-3.8;42.49,-3.45;42.49,-3.06;42.49,-2.64;42.49,-2.17;42.49,-1.66;42.49,-1.13;42.49,-0.57;42.49,0;
ST41: 0,0;41.14,-6.54;41.14,-6.51;41.14,-6.48;41.14,-6.45;41.14,-6.42;41.14,-6.38;41.14,-6.34;41.14,-6.3;41.14,-6.25;41.14,-6.19;41.14,-6.13;41.14,-6.06;41.14,-5.98;41.14,-5.89;41.14,-5.79;41.14,-5.69;41.14,-5.56;41.14,-5.43;41.14,-5.28;41.14,-5.11;41.14,-4.91;41.14,-4.7;41.14,-4.45;41.14,-4.18;41.14,-3.87;41.14,-3.52;41.14,-3.12;41.14,-2.69;41.14,-2.21;41.14,-1.7;41.14,-1.15;41.14,-0.58;41.14,0;
ST40: 0,0;39.79,-6.57;39.79,-6.54;39.79,-6.52;39.79,-6.49;39.79,-6.46;39.79,-6.42;39.79,-6.39;39.79,-6.34;39.79,-6.3;39.79,-6.24;39.79,-6.18;39.79,-6.11;39.79,-6.04;39.79,-5.96;39.79,-5.86;39.79,-5.76;39.79,-5.64;39.79,-5.5;39.79,-5.35;39.79,-5.18;39.79,-4.99;39.79,-4.77;39.79,-4.53;39.79,-4.25;39.79,-3.94;39.79,-3.58;39.79,-3.18;39.79,-2.74;39.79,-2.26;39.79,-1.73;39.79,-1.18;39.79,-0.59;39.79,0;
ST45: 0,0;38.44,-6.59;38.44,-6.56;38.44,-6.54;38.44,-6.51;38.44,-6.48;38.44,-6.45;38.44,-6.42;38.44,-6.37;38.44,-6.33;38.44,-6.28;38.44,-6.22;38.44,-6.16;38.44,-6.08;38.44,-6;38.44,-5.91;38.44,-5.81;38.44,-5.69;38.44,-5.56;38.44,-5.41;38.44,-5.24;38.44,-5.05;38.44,-4.83;38.44,-4.59;38.44,-4.31;38.44,-3.99;38.44,-3.64;38.44,-3.23;38.44,-2.79;38.44,-2.3;38.44,-1.76;38.44,-1.2;38.44,-0.61;38.44,0;
ST44: 0,0;37.09,-6.6;37.09,-6.58;37.09,-6.56;37.09,-6.53;37.09,-6.5;37.09,-6.47;37.09,-6.44;37.09,-6.4;37.09,-6.36;37.09,-6.31;37.09,-6.25;37.09,-6.19;37.09,-6.12;37.09,-6.04;37.09,-5.95;37.09,-5.85;37.09,-5.74;37.09,-5.61;37.09,-5.46;37.09,-5.29;37.09,-5.1;37.09,-4.89;37.09,-4.64;37.09,-4.36;37.09,-4.04;37.09,-3.68;37.09,-3.28;37.09,-2.83;37.09,-2.33;37.09,-1.79;37.09,-1.22;37.09,-0.62;37.09,0;
ST43: 0,0;35.74,-6.61;35.74,-6.59;35.74,-6.57;35.74,-6.55;35.74,-6.52;35.74,-6.49;35.74,-6.47;35.74,-6.46;35.74,-6.42;35.74,-6.38;35.74,-6.34;35.74,-6.28;35.74,-6.22;35.74,-6.16;35.74,-6.08;35.74,-5.99;35.74,-5.9;35.74,-5.78;35.74,-5.66;35.74,-5.51;35.74,-5.35;35.74,-5.16;35.74,-4.94;35.74,-4.69;35.74,-4.41;35.74,-4.09;35.74,-3.73;35.74,-3.32;35.74,-2.87;35.74,-2.37;35.74,-1.82;35.74,-1.24;35.74,-0.63;35.74,0;
ST26: 0,0;34.39,-6.61;34.39,-6.6;34.39,-6.58;34.39,-6.55;34.39,-6.53;34.39,-6.5;34.39,-6.47;34.39,-6.43;34.39,-6.39;34.39,-6.35;34.39,-6.29;34.39,-6.24;34.39,-6.17;34.39,-6.1;34.39,-6.01;34.39,-5.92;34.39,-5.81;34.39,-5.68;34.39,-5.54;34.39,-5.38;34.39,-5.19;34.39,-4.97;34.39,-4.73;34.39,-4.45;34.39,-4.13;34.39,-3.77;34.39,-3.36;34.39,-2.9;34.39,-2.39;34.39,-1.84;34.39,-1.25;34.39,-0.64;34.39,0;
ST9: 0,0;33.04,-6.61;33.04,-6.6;33.04,-6.58;33.04,-6.56;33.04,-6.53;33.04,-6.51;33.04,-6.47;33.04,-6.44;33.04,-6.4;33.04,-6.36;33.04,-6.31;33.04,-6.25;33.04,-6.19;33.04,-6.12;33.04,-6.03;33.04,-5.94;33.04,-5.83;33.04,-5.71;33.04,-5.57;33.04,-5.4;33.04,-5.22;33.04,-5;33.04,-4.76;33.04,-4.48;33.04,-4.16;33.04,-3.8;33.04,-3.38;33.04,-2.92;33.04,-2.42;33.04,-1.86;33.04,-1.27;33.04,-0.65;33.04,0;
ST8: 0,0;31.69,-6.61;31.69,-6.6;31.69,-6.58;31.69,-6.56;31.69,-6.53;31.69,-6.51;31.69,-6.48;31.69,-6.44;31.69,-6.4;31.69,-6.36;31.69,-6.31;31.69,-6.26;31.69,-6.2;31.69,-6.13;31.69,-6.05;31.69,-5.95;31.69,-5.85;31.69,-5.73;31.69,-5.59;31.69,-5.42;31.69,-5.24;31.69,-5.03;31.69,-4.78;31.69,-4.5;31.69,-4.19;31.69,-3.82;31.69,-3.41;31.69,-2.95;31.69,-2.44;31.69,-1.88;31.69,-1.28;31.69,-0.65;31.69,0;
ST7: 0,0;30.34,-6.6;30.34,-6.59;30.34,-6.57;30.34,-6.55;30.34,-6.53;30.34,-6.5;30.34,-6.47;30.34,-6.43;30.34,-6.39;30.34,-6.35;30.34,-6.3;30.34,-6.25;30.34,-6.19;30.34,-6.12;30.34,-6.04;30.34,-5.95;30.34,-5.85;30.34,-5.73;30.34,-5.59;30.34,-5.43;30.34,-5.24;30.34,-5.03;30.34,-4.79;30.34,-4.51;30.34,-4.2;30.34,-3.83;30.34,-3.42;30.34,-2.96;30.34,-2.45;30.34,-1.89;30.34,-1.29;30.34,-0.66;30.34,0;
ST12: 0,0;28.99,-6.59;28.99,-6.58;28.99,-6.56;28.99,-6.54;28.99,-6.52;28.99,-6.49;28.99,-6.46;28.99,-6.42;28.99,-6.39;28.99,-6.34;28.99,-6.3;28.99,-6.25;28.99,-6.19;28.99,-6.12;28.99,-6.04;28.99,-5.95;28.99,-5.85;28.99,-5.73;28.99,-5.59;28.99,-5.43;28.99,-5.25;28.99,-5.04;28.99,-4.8;28.99,-4.52;28.99,-4.21;28.99,-3.85;28.99,-3.44;28.99,-2.97;28.99,-2.46;28.99,-1.9;28.99,-1.3;28.99,-0.67;28.99,0;
ST11: 0,0;27.64,-6.57;27.64,-6.56;27.64,-6.55;27.64,-6.53;27.64,-6.5;27.64,-6.47;27.64,-6.44;27.64,-6.41;27.64,-6.37;27.64,-6.33;27.64,-6.28;27.64,-6.23;27.64,-6.17;27.64,-6.1;27.64,-6.02;27.64,-5.94;27.64,-5.83;27.64,-5.71;27.64,-5.58;27.64,-5.42;27.64,-5.24;27.64,-5.03;27.64,-4.79;27.64,-4.52;27.64,-4.2;27.64,-3.85;27.64,-3.44;27.64,-2.98;27.64,-2.47;27.64,-1.91;27.64,-1.31;27.64,-0.67;27.64,0;
ST10: 0,0;26.29,-6.55;26.29,-6.55;26.29,-6.53;26.29,-6.51;26.29,-6.48;26.29,-6.45;26.29,-6.42;26.29,-6.39;26.29,-6.35;26.29,-6.31;26.29,-6.26;26.29,-6.21;26.29,-6.15;26.29,-6.08;26.29,-6;26.29,-5.91;26.29,-5.81;26.29,-5.69;26.29,-5.56;26.29,-5.4;26.29,-5.22;26.29,-5.02;26.29,-4.78;26.29,-4.51;26.29,-4.19;26.29,-3.84;26.29,-3.43;26.29,-2.98;26.29,-2.47;26.29,-1.91;26.29,-1.31;26.29,-0.67;26.29,0;
ST1: 0,0;22.24,-6.48;22.24,-6.48;22.24,-6.46;22.24,-6.43;22.24,-6.4;22.24,-6.37;22.24,-6.33;22.24,-6.3;22.24,-6.25;22.24,-6.21;22.24,-6.16;22.24,-6.11;22.24,-6.04;22.24,-5.98;22.24,-5.9;22.24,-5.81;22.24,-5.71;22.24,-5.59;22.24,-5.45;22.24,-5.3;22.24,-5.12;22.24,-4.92;22.24,-4.69;22.24,-4.42;22.24,-4.12;22.24,-3.77;22.24,-3.38;22.24,-2.94;22.24,-2.45;22.24,-1.9;22.24,-1.31;22.24,-0.68;22.24,0;
ST13: 0,0;16.83,0;16.83,-0.66;16.83,-1.26;16.83,-1.82;16.83,-2.32;16.83,-2.78;16.83,-3.19;16.83,-3.55;16.83,-3.88;16.83,-4.16;16.83,-4.41;16.83,-4.64;16.83,-4.84;16.83,-5.01;16.83,-5.17;16.83,-5.31;16.83,-5.43;16.83,-5.54;16.83,-5.63;16.83,-5.72;16.83,-5.8;16.83,-5.87;16.83,-5.93;16.83,-5.99;16.83,-6.04;16.83,-6.09;16.83,-6.14;16.83,-6.19;16.83,-6.19;16.83,-6.23;16.83,-6.28;16.83,-6.31;16.83,-6.34;16.83,-6.35;
ST22: 0,0;15.48,-6.31;15.48,-6.29;15.48,-6.26;15.48,-6.22;15.48,-6.17;15.48,-6.12;15.48,-6.07;15.48,-6.02;15.48,-5.96;15.48,-5.9;15.48,-5.84;15.48,-5.78;15.48,-5.71;15.48,-5.63;15.48,-5.54;15.48,-5.44;15.48,-5.33;15.48,-5.2;15.48,-5.07;15.48,-4.91;15.48,-4.73;15.48,-4.54;15.48,-4.31;15.48,-4.06;15.48,-3.78;15.48,-3.47;15.48,-3.11;15.48,-2.71;15.48,-2.27;15.48,-1.78;15.48,-1.24;15.48,-0.65;15.48,0;
ST21: 0,0;14.13,-6.27;14.13,-6.24;14.13,-6.21;14.13,-6.16;14.13,-6.11;14.13,-6.05;14.13,-5.99;14.13,-5.93;14.13,-5.87;14.13,-5.81;14.13,-5.75;14.13,-5.68;14.13,-5.6;14.13,-5.52;14.13,-5.43;14.13,-5.33;14.13,-5.22;14.13,-5.09;14.13,-4.95;14.13,-4.79;14.13,-4.62;14.13,-4.42;14.13,-4.2;14.13,-3.95;14.13,-3.68;14.13,-3.37;14.13,-3.02;14.13,-2.63;14.13,-2.21;14.13,-1.73;14.13,-1.21;14.13,-0.63;14.13,0;
ST20: 0,0;12.78,-6.22;12.78,-6.19;12.78,-6.14;12.78,-6.09;12.78,-6.03;12.78,-5.97;12.78,-5.9;12.78,-5.84;12.78,-5.78;12.78,-5.71;12.78,-5.64;12.78,-5.57;12.78,-5.49;12.78,-5.41;12.78,-5.31;12.78,-5.21;12.78,-5.1;12.78,-4.97;12.78,-4.83;12.78,-4.67;12.78,-4.49;12.78,-4.3;12.78,-4.08;12.78,-3.83;12.78,-3.56;12.78,-3.26;12.78,-2.92;12.78,-2.55;12.78,-2.13;12.78,-1.68;12.78,-1.17;12.78,-0.61;12.78,0;
ST25: 0,0;11.43,0;11.43,-0.59;11.43,-1.13;11.43,-1.62;11.43,-2.06;11.43,-2.46;11.43,-2.54;11.43,-2.82;11.43,-3.15;11.43,-3.44;11.43,-3.71;11.43,-3.95;11.43,-4.16;11.43,-4.36;11.43,-4.54;11.43,-4.7;11.43,-4.84;11.43,-4.97;11.43,-5.09;11.43,-5.19;11.43,-5.29;11.43,-5.38;11.43,-5.46;11.43,-5.53;11.43,-5.6;11.43,-5.67;11.43,-5.74;11.43,-5.81;11.43,-5.87;11.43,-5.94;11.43,-6.01;11.43,-6.07;11.43,-6.12;11.43,-6.16;
ST24: 0,0;10.08,-6.09;10.08,-6.04;10.08,-5.99;10.08,-5.92;10.08,-5.85;10.08,-5.78;10.08,-5.71;10.08,-5.64;10.08,-5.57;10.08,-5.49;10.08,-5.42;10.08,-5.34;10.08,-5.26;10.08,-5.17;10.08,-5.07;10.08,-4.96;10.08,-4.84;10.08,-4.71;10.08,-4.56;10.08,-4.4;10.08,-4.23;10.08,-4.03;10.08,-3.82;10.08,-3.58;10.08,-3.32;10.08,-3.03;10.08,-2.71;10.08,-2.36;10.08,-1.98;10.08,-1.56;10.08,-1.09;10.08,-0.57;10.08,0;
ST23: 0,0;8.73,-6.03;8.73,-5.97;8.73,-5.9;8.73,-5.83;8.73,-5.76;8.73,-5.68;8.73,-5.61;8.73,-5.53;8.73,-5.46;8.73,-5.39;8.73,-5.31;8.73,-5.23;8.73,-5.14;8.73,-5.05;8.73,-4.95;8.73,-4.84;8.73,-4.72;8.73,-4.58;8.73,-4.43;8.73,-4.27;8.73,-4.09;8.73,-3.9;8.73,-3.69;8.73,-3.45;8.73,-3.19;8.73,-2.91;8.73,-2.6;8.73,-2.27;8.73,-1.9;8.73,-1.49;8.73,-1.05;8.73,-0.55;8.73,0;
ST16: 0,0;7.38,-5.96;7.38,-5.89;7.38,-5.81;7.38,-5.73;7.38,-5.66;7.38,-5.58;7.38,-5.51;7.38,-5.43;7.38,-5.36;7.38,-5.28;7.38,-5.2;7.38,-5.12;7.38,-5.03;7.38,-4.93;7.38,-4.83;7.38,-4.72;7.38,-4.59;7.38,-4.45;7.38,-4.3;7.38,-4.14;7.38,-3.96;7.38,-3.77;7.38,-3.55;7.38,-3.32;7.38,-3.07;7.38,-2.79;7.38,-2.5;7.38,-2.17;7.38,-1.82;7.38,-1.43;7.38,-1;7.38,-0.53;7.38,0;
ST15: 0,0;6.03,-5.88;6.03,-5.8;6.03,-5.72;6.03,-5.64;6.03,-5.56;6.03,-5.48;6.03,-5.4;6.03,-5.33;6.03,-5.25;6.03,-5.17;6.03,-5.09;6.03,-5.01;6.03,-4.92;6.03,-4.82;6.03,-4.71;6.03,-4.59;6.03,-4.46;6.03,-4.33;6.03,-4.17;6.03,-4.01;6.03,-3.83;6.03,-3.63;6.03,-3.42;6.03,-3.19;6.03,-2.94;6.03,-2.67;6.03,-2.38;6.03,-2.06;6.03,-1.72;6.03,-1.35;6.03,-0.94;6.03,-0.49;6.03,0;
ST14: 0,0;4.68,-5.81;4.68,-5.71;4.68,-5.62;4.68,-5.54;4.68,-5.46;4.68,-5.38;4.68,-5.3;4.68,-5.22;4.68,-5.15;4.68,-5.07;4.68,-4.98;4.68,-4.89;4.68,-4.8;4.68,-4.7;4.68,-4.59;4.68,-4.47;4.68,-4.34;4.68,-4.2;4.68,-4.04;4.68,-3.88;4.68,-3.7;4.68,-3.5;4.68,-3.29;4.68,-3.06;4.68,-2.81;4.68,-2.55;4.68,-2.26;4.68,-1.96;4.68,-1.63;4.68,-1.27;4.68,-0.88;4.68,-0.46;4.68,0;
ST19: 0,0;3.33,-5.73;3.33,-5.62;3.33,-5.52;3.33,-5.43;3.33,-5.34;3.33,-5.27;3.33,-5.19;3.33,-5.11;3.33,-5.03;3.33,-4.95;3.33,-4.87;3.33,-4.77;3.33,-4.68;3.33,-4.57;3.33,-4.46;3.33,-4.34;3.33,-4.21;3.33,-4.06;3.33,-3.91;3.33,-3.74;3.33,-3.56;3.33,-3.36;3.33,-3.15;3.33,-2.93;3.33,-2.68;3.33,-2.42;3.33,-2.14;3.33,-1.84;3.33,-1.52;3.33,-1.18;3.33,-0.81;3.33,-0.42;3.33,0;
ST18: 0,0;1.98,-5.65;1.98,-5.52;1.98,-5.41;1.98,-5.31;1.98,-5.23;1.98,-5.15;1.98,-5.07;1.98,-4.99;1.98,-4.91;1.98,-4.83;1.98,-4.74;1.98,-4.65;1.98,-4.55;1.98,-4.44;1.98,-4.33;1.98,-4.21;1.98,-4.07;1.98,-3.93;1.98,-3.77;1.98,-3.6;1.98,-3.42;1.98,-3.23;1.98,-3.02;1.98,-2.79;1.98,-2.55;1.98,-2.29;1.98,-2.02;1.98,-1.73;1.98,-1.42;1.98,-1.09;1.98,-0.75;1.98,-0.38;1.98,0;
ST17: 0,0;0.63,-5.56;0.63,-5.42;0.63,-5.3;0.63,-5.2;0.63,-5.1;0.63,-5.02;0.63,-4.94;0.63,-4.86;0.63,-4.78;0.63,-4.7;0.63,-4.61;0.63,-4.51;0.63,-4.42;0.63,-4.31;0.63,-4.19;0.63,-4.07;0.63,-3.93;0.63,-3.79;0.63,-3.63;0.63,-3.46;0.63,-3.28;0.63,-3.09;0.63,-2.88;0.63,-2.66;0.63,-2.42;0.63,-2.17;0.63,-1.9;0.63,-1.62;0.63,-1.33;0.63,-1.02;0.63,-0.69;0.63,-0.35;0.63,0;
